./demo
0 1 0 0 0 
0 1 0 1 0 
0 0 0 0 0 
0 1 1 1 0 
0 0 0 1 0 
--------------------
0 1 0 0 0 
0 1 0 1 0 
0 0 0 0 0 
0 1 1 1 0 
0 0 0 1 0 
--------------------
************
2 1 0 0 0 
0 1 0 1 0 
0 0 0 0 0 
0 1 1 1 0 
0 0 0 1 0 
--------------------
************
2 1 0 0 0 
0 1 0 1 0 
0 0 0 0 0 
0 1 1 1 0 
0 0 0 1 0 
--------------------
************
2 1 0 0 0 
0 1 0 1 0 
0 0 0 0 0 
0 1 1 1 0 
0 0 0 1 0 
--------------------
(0, 0)_2 
************
2 1 0 0 0 
2 1 0 1 0 
0 0 0 0 0 
0 1 1 1 0 
0 0 0 1 0 
--------------------
(0, 0)_2 
************
2 1 0 0 0 
2 1 0 1 0 
0 0 0 0 0 
0 1 1 1 0 
0 0 0 1 0 
--------------------
(0, 0)_2 
************
2 1 0 0 0 
2 1 0 1 0 
0 0 0 0 0 
0 1 1 1 0 
0 0 0 1 0 
--------------------
(0, 0)_2 
(1, 0)_2 
************
2 1 0 0 0 
2 1 0 1 0 
2 0 0 0 0 
0 1 1 1 0 
0 0 0 1 0 
--------------------
(0, 0)_2 
(1, 0)_2 
************
2 1 0 0 0 
2 1 0 1 0 
2 0 0 0 0 
0 1 1 1 0 
0 0 0 1 0 
--------------------
(0, 0)_2 
(1, 0)_2 
************
2 1 0 0 0 
2 1 0 1 0 
2 0 0 0 0 
0 1 1 1 0 
0 0 0 1 0 
--------------------
(0, 0)_2 
(1, 0)_2 
(2, 0)_2 
************
2 1 0 0 0 
2 1 0 1 0 
2 0 0 0 0 
2 1 1 1 0 
0 0 0 1 0 
--------------------
(0, 0)_2 
(1, 0)_2 
(2, 0)_2 
************
2 1 0 0 0 
2 1 0 1 0 
2 0 0 0 0 
2 1 1 1 0 
0 0 0 1 0 
--------------------
(0, 0)_2 
(1, 0)_2 
(2, 0)_2 
************
2 1 0 0 0 
2 1 0 1 0 
2 0 0 0 0 
2 1 1 1 0 
0 0 0 1 0 
--------------------
(0, 0)_2 
(1, 0)_2 
(2, 0)_2 
(3, 0)_2 
************
2 1 0 0 0 
2 1 0 1 0 
2 0 0 0 0 
2 1 1 1 0 
2 0 0 1 0 
--------------------
(0, 0)_2 
(1, 0)_2 
(2, 0)_2 
(3, 0)_2 
************
2 1 0 0 0 
2 1 0 1 0 
2 0 0 0 0 
2 1 1 1 0 
2 0 0 1 0 
--------------------
(0, 0)_2 
(1, 0)_2 
(2, 0)_2 
(3, 0)_2 
************
2 1 0 0 0 
2 1 0 1 0 
2 0 0 0 0 
2 1 1 1 0 
2 0 0 1 0 
--------------------
(0, 0)_2 
(1, 0)_2 
(2, 0)_2 
(3, 0)_2 
************
2 1 0 0 0 
2 1 0 1 0 
2 0 0 0 0 
2 1 1 1 0 
2 0 0 1 0 
--------------------
(0, 0)_2 
(1, 0)_2 
(2, 0)_2 
(3, 0)_2 
************
2 1 0 0 0 
2 1 0 1 0 
2 0 0 0 0 
2 1 1 1 0 
2 0 0 1 0 
--------------------
(0, 0)_2 
(1, 0)_2 
(2, 0)_2 
(3, 0)_2 
(4, 0)_4 
************
2 1 0 0 0 
2 1 0 1 0 
2 0 0 0 0 
2 1 1 1 0 
2 2 0 1 0 
--------------------
(0, 0)_2 
(1, 0)_2 
(2, 0)_2 
(3, 0)_2 
(4, 0)_4 
************
2 1 0 0 0 
2 1 0 1 0 
2 0 0 0 0 
2 1 1 1 0 
2 2 0 1 0 
--------------------
(0, 0)_2 
(1, 0)_2 
(2, 0)_2 
(3, 0)_2 
(4, 0)_4 
************
2 1 0 0 0 
2 1 0 1 0 
2 0 0 0 0 
2 1 1 1 0 
2 2 0 1 0 
--------------------
(0, 0)_2 
(1, 0)_2 
(2, 0)_2 
(3, 0)_2 
(4, 0)_4 
(4, 1)_2 
************
2 1 0 0 0 
2 1 0 1 0 
2 0 0 0 0 
2 1 1 1 0 
2 2 0 1 0 
--------------------
(0, 0)_2 
(1, 0)_2 
(2, 0)_2 
(3, 0)_2 
(4, 0)_4 
(4, 1)_2 
************
2 1 0 0 0 
2 1 0 1 0 
2 0 0 0 0 
2 1 1 1 0 
2 2 0 1 0 
--------------------
(0, 0)_2 
(1, 0)_2 
(2, 0)_2 
(3, 0)_2 
(4, 0)_4 
(4, 1)_2 
************
2 1 0 0 0 
2 1 0 1 0 
2 0 0 0 0 
2 1 1 1 0 
2 2 0 1 0 
--------------------
(0, 0)_2 
(1, 0)_2 
(2, 0)_2 
(3, 0)_2 
(4, 0)_4 
(4, 1)_2 
************
2 1 0 0 0 
2 1 0 1 0 
2 0 0 0 0 
2 1 1 1 0 
2 2 0 1 0 
--------------------
(0, 0)_2 
(1, 0)_2 
(2, 0)_2 
(3, 0)_2 
(4, 0)_4 
(4, 1)_2 
************
2 1 0 0 0 
2 1 0 1 0 
2 0 0 0 0 
2 1 1 1 0 
2 2 0 1 0 
--------------------
(0, 0)_2 
(1, 0)_2 
(2, 0)_2 
(3, 0)_2 
(4, 0)_4 
(4, 1)_2 
(5, 1)_4 
************
2 1 0 0 0 
2 1 0 1 0 
2 0 0 0 0 
2 1 1 1 0 
2 2 0 1 0 
--------------------
(0, 0)_2 
(1, 0)_2 
(2, 0)_2 
(3, 0)_2 
(4, 0)_4 
(4, 1)_2 
(5, 1)_4 
************
2 1 0 0 0 
2 1 0 1 0 
2 0 0 0 0 
2 1 1 1 0 
2 2 0 1 0 
--------------------
(0, 0)_2 
(1, 0)_2 
(2, 0)_2 
(3, 0)_2 
(4, 0)_4 
(4, 1)_2 
(5, 1)_4 
(5, 2)_1 
************
2 1 0 0 0 
2 1 0 1 0 
2 0 0 0 0 
2 1 1 1 0 
2 2 2 1 0 
--------------------
(0, 0)_2 
(1, 0)_2 
(2, 0)_2 
(3, 0)_2 
(4, 0)_4 
(4, 1)_2 
(5, 1)_4 
(5, 2)_1 
************
2 1 0 0 0 
2 1 0 1 0 
2 0 0 0 0 
2 1 1 1 0 
2 2 2 1 0 
--------------------
(0, 0)_2 
(1, 0)_2 
(2, 0)_2 
(3, 0)_2 
(4, 0)_4 
(4, 1)_2 
(5, 1)_4 
(5, 2)_1 
************
2 1 0 0 0 
2 1 0 1 0 
2 0 0 0 0 
2 1 1 1 0 
2 2 2 1 0 
--------------------
(0, 0)_2 
(1, 0)_2 
(2, 0)_2 
(3, 0)_2 
(4, 0)_4 
(4, 1)_2 
(5, 1)_4 
(5, 2)_1 
************
2 1 0 0 0 
2 1 0 1 0 
2 0 0 0 0 
2 1 1 1 0 
2 2 2 1 0 
--------------------
(0, 0)_2 
(1, 0)_2 
(2, 0)_2 
(3, 0)_2 
(4, 0)_4 
(4, 1)_2 
(5, 1)_4 
(5, 2)_1 
************
2 1 0 0 0 
2 1 0 1 0 
2 0 0 0 0 
2 1 1 1 0 
2 2 0 1 0 
--------------------
(0, 0)_2 
(1, 0)_2 
(2, 0)_2 
(3, 0)_2 
(4, 0)_4 
(4, 1)_2 
(5, 1)_4 
************
2 1 0 0 0 
2 1 0 1 0 
2 0 0 0 0 
2 1 1 1 0 
2 2 0 1 0 
--------------------
(0, 0)_2 
(1, 0)_2 
(2, 0)_2 
(3, 0)_2 
(4, 0)_4 
(4, 1)_2 
(5, 1)_4 
************
2 1 0 0 0 
2 1 0 1 0 
2 0 0 0 0 
2 1 1 1 0 
2 2 0 1 0 
--------------------
(0, 0)_2 
(1, 0)_2 
(2, 0)_2 
(3, 0)_2 
(4, 0)_4 
(4, 1)_2 
(5, 1)_4 
************
2 1 0 0 0 
2 1 0 1 0 
2 0 0 0 0 
2 1 1 1 0 
2 2 0 1 0 
--------------------
(0, 0)_2 
(1, 0)_2 
(2, 0)_2 
(3, 0)_2 
(4, 0)_4 
(4, 1)_2 
(5, 1)_4 
************
2 1 0 0 0 
2 1 0 1 0 
2 0 0 0 0 
2 1 1 1 0 
2 2 0 1 0 
--------------------
(0, 0)_2 
(1, 0)_2 
(2, 0)_2 
(3, 0)_2 
(4, 0)_4 
(4, 1)_2 
(5, 1)_4 
************
2 1 0 0 0 
2 1 0 1 0 
2 0 0 0 0 
2 1 1 1 0 
2 2 0 1 0 
--------------------
(0, 0)_2 
(1, 0)_2 
(2, 0)_2 
(3, 0)_2 
(4, 0)_4 
(4, 1)_2 
************
2 1 0 0 0 
2 1 0 1 0 
2 0 0 0 0 
2 1 1 1 0 
2 2 0 1 0 
--------------------
(0, 0)_2 
(1, 0)_2 
(2, 0)_2 
(3, 0)_2 
(4, 0)_4 
(4, 1)_2 
************
2 1 0 0 0 
2 1 0 1 0 
2 0 0 0 0 
2 1 1 1 0 
2 2 0 1 0 
--------------------
(0, 0)_2 
(1, 0)_2 
(2, 0)_2 
(3, 0)_2 
(4, 0)_4 
************
2 1 0 0 0 
2 1 0 1 0 
2 0 0 0 0 
2 1 1 1 0 
2 2 0 1 0 
--------------------
(0, 0)_2 
(1, 0)_2 
(2, 0)_2 
(3, 0)_2 
(4, 0)_4 
************
2 1 0 0 0 
2 1 0 1 0 
2 0 0 0 0 
2 1 1 1 0 
2 2 0 1 0 
--------------------
(0, 0)_2 
(1, 0)_2 
(2, 0)_2 
(3, 0)_2 
(4, 0)_4 
************
2 1 0 0 0 
2 1 0 1 0 
2 0 0 0 0 
2 1 1 1 0 
2 2 0 1 0 
--------------------
(0, 0)_2 
(1, 0)_2 
(2, 0)_2 
(3, 0)_2 
(4, 0)_4 
************
2 1 0 0 0 
2 1 0 1 0 
2 0 0 0 0 
2 1 1 1 0 
2 2 0 1 0 
--------------------
(0, 0)_2 
(1, 0)_2 
(2, 0)_2 
(3, 0)_2 
(4, 0)_4 
(4, 1)_4 
************
2 1 0 0 0 
2 1 0 1 0 
2 0 0 0 0 
2 1 1 1 0 
2 2 2 1 0 
--------------------
(0, 0)_2 
(1, 0)_2 
(2, 0)_2 
(3, 0)_2 
(4, 0)_4 
(4, 1)_4 
************
2 1 0 0 0 
2 1 0 1 0 
2 0 0 0 0 
2 1 1 1 0 
2 2 2 1 0 
--------------------
(0, 0)_2 
(1, 0)_2 
(2, 0)_2 
(3, 0)_2 
(4, 0)_4 
(4, 1)_4 
************
2 1 0 0 0 
2 1 0 1 0 
2 0 0 0 0 
2 1 1 1 0 
2 2 2 1 0 
--------------------
(0, 0)_2 
(1, 0)_2 
(2, 0)_2 
(3, 0)_2 
(4, 0)_4 
(4, 1)_4 
(4, 2)_2 
************
2 1 0 0 0 
2 1 0 1 0 
2 0 0 0 0 
2 1 1 1 0 
2 2 2 1 0 
--------------------
(0, 0)_2 
(1, 0)_2 
(2, 0)_2 
(3, 0)_2 
(4, 0)_4 
(4, 1)_4 
(4, 2)_2 
************
2 1 0 0 0 
2 1 0 1 0 
2 0 0 0 0 
2 1 1 1 0 
2 2 2 1 0 
--------------------
(0, 0)_2 
(1, 0)_2 
(2, 0)_2 
(3, 0)_2 
(4, 0)_4 
(4, 1)_4 
(4, 2)_2 
************
2 1 0 0 0 
2 1 0 1 0 
2 0 0 0 0 
2 1 1 1 0 
2 2 2 1 0 
--------------------
(0, 0)_2 
(1, 0)_2 
(2, 0)_2 
(3, 0)_2 
(4, 0)_4 
(4, 1)_4 
(4, 2)_2 
************
2 1 0 0 0 
2 1 0 1 0 
2 0 0 0 0 
2 1 1 1 0 
2 2 2 1 0 
--------------------
(0, 0)_2 
(1, 0)_2 
(2, 0)_2 
(3, 0)_2 
(4, 0)_4 
(4, 1)_4 
(4, 2)_2 
(5, 2)_3 
************
2 1 0 0 0 
2 1 0 1 0 
2 0 0 0 0 
2 1 1 1 0 
2 2 2 1 0 
--------------------
(0, 0)_2 
(1, 0)_2 
(2, 0)_2 
(3, 0)_2 
(4, 0)_4 
(4, 1)_4 
(4, 2)_2 
(5, 2)_3 
************
2 1 0 0 0 
2 1 0 1 0 
2 0 0 0 0 
2 1 1 1 0 
2 2 2 1 0 
--------------------
(0, 0)_2 
(1, 0)_2 
(2, 0)_2 
(3, 0)_2 
(4, 0)_4 
(4, 1)_4 
(4, 2)_2 
(5, 2)_3 
************
2 1 0 0 0 
2 1 0 1 0 
2 0 0 0 0 
2 1 1 1 0 
2 2 2 1 0 
--------------------
(0, 0)_2 
(1, 0)_2 
(2, 0)_2 
(3, 0)_2 
(4, 0)_4 
(4, 1)_4 
(4, 2)_2 
(5, 2)_3 
************
2 1 0 0 0 
2 1 0 1 0 
2 0 0 0 0 
2 1 1 1 0 
2 2 2 1 0 
--------------------
(0, 0)_2 
(1, 0)_2 
(2, 0)_2 
(3, 0)_2 
(4, 0)_4 
(4, 1)_4 
(4, 2)_2 
(5, 2)_3 
************
2 1 0 0 0 
2 1 0 1 0 
2 0 0 0 0 
2 1 1 1 0 
2 2 2 1 0 
--------------------
(0, 0)_2 
(1, 0)_2 
(2, 0)_2 
(3, 0)_2 
(4, 0)_4 
(4, 1)_4 
(4, 2)_2 
************
2 1 0 0 0 
2 1 0 1 0 
2 0 0 0 0 
2 1 1 1 0 
2 2 2 1 0 
--------------------
(0, 0)_2 
(1, 0)_2 
(2, 0)_2 
(3, 0)_2 
(4, 0)_4 
(4, 1)_4 
(4, 2)_2 
************
2 1 0 0 0 
2 1 0 1 0 
2 0 0 0 0 
2 1 1 1 0 
2 2 2 1 0 
--------------------
(0, 0)_2 
(1, 0)_2 
(2, 0)_2 
(3, 0)_2 
(4, 0)_4 
(4, 1)_4 
(4, 2)_2 
************
2 1 0 0 0 
2 1 0 1 0 
2 0 0 0 0 
2 1 1 1 0 
2 2 2 1 0 
--------------------
(0, 0)_2 
(1, 0)_2 
(2, 0)_2 
(3, 0)_2 
(4, 0)_4 
(4, 1)_4 
************
2 1 0 0 0 
2 1 0 1 0 
2 0 0 0 0 
2 1 1 1 0 
2 2 2 1 0 
--------------------
(0, 0)_2 
(1, 0)_2 
(2, 0)_2 
(3, 0)_2 
(4, 0)_4 
(4, 1)_4 
************
2 1 0 0 0 
2 1 0 1 0 
2 0 0 0 0 
2 1 1 1 0 
2 2 2 1 0 
--------------------
(0, 0)_2 
(1, 0)_2 
(2, 0)_2 
(3, 0)_2 
(4, 0)_4 
(4, 1)_4 
************
2 1 0 0 0 
2 1 0 1 0 
2 0 0 0 0 
2 1 1 1 0 
2 2 2 1 0 
--------------------
(0, 0)_2 
(1, 0)_2 
(2, 0)_2 
(3, 0)_2 
(4, 0)_4 
(4, 1)_4 
************
2 1 0 0 0 
2 1 0 1 0 
2 0 0 0 0 
2 1 1 1 0 
2 2 0 1 0 
--------------------
(0, 0)_2 
(1, 0)_2 
(2, 0)_2 
(3, 0)_2 
(4, 0)_4 
************
2 1 0 0 0 
2 1 0 1 0 
2 0 0 0 0 
2 1 1 1 0 
2 2 0 1 0 
--------------------
(0, 0)_2 
(1, 0)_2 
(2, 0)_2 
(3, 0)_2 
(4, 0)_4 
************
2 1 0 0 0 
2 1 0 1 0 
2 0 0 0 0 
2 1 1 1 0 
2 0 0 1 0 
--------------------
(0, 0)_2 
(1, 0)_2 
(2, 0)_2 
(3, 0)_2 
************
2 1 0 0 0 
2 1 0 1 0 
2 0 0 0 0 
2 1 1 1 0 
2 0 0 1 0 
--------------------
(0, 0)_2 
(1, 0)_2 
(2, 0)_2 
(3, 0)_2 
************
2 1 0 0 0 
2 1 0 1 0 
2 0 0 0 0 
2 1 1 1 0 
0 0 0 1 0 
--------------------
(0, 0)_2 
(1, 0)_2 
(2, 0)_2 
************
2 1 0 0 0 
2 1 0 1 0 
2 0 0 0 0 
2 1 1 1 0 
0 0 0 1 0 
--------------------
(0, 0)_2 
(1, 0)_2 
(2, 0)_2 
************
2 1 0 0 0 
2 1 0 1 0 
2 0 0 0 0 
2 1 1 1 0 
0 0 0 1 0 
--------------------
(0, 0)_2 
(1, 0)_2 
(2, 0)_2 
************
2 1 0 0 0 
2 1 0 1 0 
2 0 0 0 0 
2 1 1 1 0 
0 0 0 1 0 
--------------------
(0, 0)_2 
(1, 0)_2 
(2, 0)_2 
************
2 1 0 0 0 
2 1 0 1 0 
2 0 0 0 0 
0 1 1 1 0 
0 0 0 1 0 
--------------------
(0, 0)_2 
(1, 0)_2 
************
2 1 0 0 0 
2 1 0 1 0 
2 0 0 0 0 
0 1 1 1 0 
0 0 0 1 0 
--------------------
(0, 0)_2 
(1, 0)_2 
************
2 1 0 0 0 
2 1 0 1 0 
2 0 0 0 0 
0 1 1 1 0 
0 0 0 1 0 
--------------------
(0, 0)_2 
(1, 0)_2 
************
2 1 0 0 0 
2 1 0 1 0 
2 0 0 0 0 
0 1 1 1 0 
0 0 0 1 0 
--------------------
(0, 0)_2 
(1, 0)_2 
************
2 1 0 0 0 
2 1 0 1 0 
2 0 0 0 0 
0 1 1 1 0 
0 0 0 1 0 
--------------------
(0, 0)_2 
(1, 0)_2 
(2, 0)_4 
************
2 1 0 0 0 
2 1 0 1 0 
2 2 0 0 0 
0 1 1 1 0 
0 0 0 1 0 
--------------------
(0, 0)_2 
(1, 0)_2 
(2, 0)_4 
************
2 1 0 0 0 
2 1 0 1 0 
2 2 0 0 0 
0 1 1 1 0 
0 0 0 1 0 
--------------------
(0, 0)_2 
(1, 0)_2 
(2, 0)_4 
************
2 1 0 0 0 
2 1 0 1 0 
2 2 0 0 0 
0 1 1 1 0 
0 0 0 1 0 
--------------------
(0, 0)_2 
(1, 0)_2 
(2, 0)_4 
************
2 1 0 0 0 
2 1 0 1 0 
2 2 0 0 0 
0 1 1 1 0 
0 0 0 1 0 
--------------------
(0, 0)_2 
(1, 0)_2 
(2, 0)_4 
************
2 1 0 0 0 
2 1 0 1 0 
2 2 0 0 0 
0 1 1 1 0 
0 0 0 1 0 
--------------------
(0, 0)_2 
(1, 0)_2 
(2, 0)_4 
(2, 1)_4 
************
2 1 0 0 0 
2 1 0 1 0 
2 2 2 0 0 
0 1 1 1 0 
0 0 0 1 0 
--------------------
(0, 0)_2 
(1, 0)_2 
(2, 0)_4 
(2, 1)_4 
************
2 1 0 0 0 
2 1 0 1 0 
2 2 2 0 0 
0 1 1 1 0 
0 0 0 1 0 
--------------------
(0, 0)_2 
(1, 0)_2 
(2, 0)_4 
(2, 1)_4 
(2, 2)_1 
************
2 1 0 0 0 
2 1 2 1 0 
2 2 2 0 0 
0 1 1 1 0 
0 0 0 1 0 
--------------------
(0, 0)_2 
(1, 0)_2 
(2, 0)_4 
(2, 1)_4 
(2, 2)_1 
************
2 1 0 0 0 
2 1 2 1 0 
2 2 2 0 0 
0 1 1 1 0 
0 0 0 1 0 
--------------------
(0, 0)_2 
(1, 0)_2 
(2, 0)_4 
(2, 1)_4 
(2, 2)_1 
(1, 2)_1 
************
2 1 2 0 0 
2 1 2 1 0 
2 2 2 0 0 
0 1 1 1 0 
0 0 0 1 0 
--------------------
(0, 0)_2 
(1, 0)_2 
(2, 0)_4 
(2, 1)_4 
(2, 2)_1 
(1, 2)_1 
************
2 1 2 0 0 
2 1 2 1 0 
2 2 2 0 0 
0 1 1 1 0 
0 0 0 1 0 
--------------------
(0, 0)_2 
(1, 0)_2 
(2, 0)_4 
(2, 1)_4 
(2, 2)_1 
(1, 2)_1 
************
2 1 2 0 0 
2 1 2 1 0 
2 2 2 0 0 
0 1 1 1 0 
0 0 0 1 0 
--------------------
(0, 0)_2 
(1, 0)_2 
(2, 0)_4 
(2, 1)_4 
(2, 2)_1 
(1, 2)_1 
************
2 1 2 0 0 
2 1 2 1 0 
2 2 2 0 0 
0 1 1 1 0 
0 0 0 1 0 
--------------------
(0, 0)_2 
(1, 0)_2 
(2, 0)_4 
(2, 1)_4 
(2, 2)_1 
(1, 2)_1 
************
2 1 2 0 0 
2 1 2 1 0